Homogeneity: 0.2298181765789177
Completeness: 0.22207630396083342
V-measure: 0.2258809232487393